-1000
-1000
-998
-996
-994
-990
-990
-983
-980
-980
-979
-977
-977
-974
-974
-972
-972
-972
-971
-969
-969
-969
-968
-968
-967
-967
-964
-964
-963
-961
-960
-960
-960
-958
-957
-957
-956
-956
-955
-955
-952
-952
-951
-950
-949
-949
-945
-944
-944
-944
-943
-943
-942
-942
-941
-941
-939
-938
-937
-937
-936
-936
-933
-932
-931
-930
-929
-927
-926
-925
-924
-924
-923
-923
-922
-921
-921
-920
-920
-919
-917
-915
-915
-914
-914
-914
-913
-913
-912
-911
-911
-910
-906
-906
-905
-904
-902
-899
-898
-898
-894
-894
-894
-894
-894
-893
-892
-890
-886
-886
-884
-883
-883
-881
-881
-881
-880
-878
-878
-876
-876
-874
-871
-869
-866
-866
-865
-863
-861
-860
-860
-855
-853
-852
-851
-851
-851
-850
-850
-848
-847
-847
-846
-846
-845
-845
-844
-842
-840
-839
-838
-837
-837
-834
-832
-832
-831
-831
-829
-829
-828
-828
-828
-827
-825
-825
-824
-823
-823
-821
-821
-821
-821
-821
-820
-819
-819
-819
-817
-816
-815
-814
-811
-810
-810
-809
-808
-806
-806
-806
-805
-803
-803
-803
-803
-802
-802
-802
-801
-800
-797
-795
-795
-795
-794
-794
-791
-791
-790
-790
-787
-786
-785
-785
-784
-783
-783
-781
-780
-779
-779
-778
-777
-776
-775
-774
-774
-774
-773
-773
-772
-772
-772
-770
-770
-770
-769
-763
-763
-762
-761
-761
-760
-760
-759
-758
-757
-756
-756
-754
-754
-752
-750
-749
-749
-748
-748
-747
-747
-744
-744
-744
-744
-744
-743
-743
-742
-741
-740
-740
-738
-738
-737
-736
-736
-735
-734
-733
-731
-731
-731
-730
-729
-728
-728
-728
-726
-725
-724
-723
-720
-720
-720
-719
-717
-714
-711
-711
-710
-708
-706
-705
-705
-702
-702
-700
-699
-698
-697
-695
-695
-695
-695
-693
-693
-692
-691
-691
-687
-686
-685
-684
-683
-681
-681
-679
-676
-676
-676
-672
-672
-672
-672
-671
-668
-668
-667
-665
-665
-664
-664
-662
-662
-662
-662
-661
-661
-659
-659
-658
-657
-655
-655
-654
-654
-653
-652
-652
-652
-651
-651
-650
-650
-649
-648
-646
-643
-642
-641
-641
-639
-637
-636
-633
-633
-632
-631
-631
-630
-629
-628
-628
-627
-627
-624
-623
-619
-618
-617
-616
-614
-612
-609
-607
-607
-606
-606
-606
-604
-603
-602
-602
-600
-599
-599
-599
-598
-598
-598
-595
-594
-591
-591
-591
-591
-590
-588
-585
-585
-584
-584
-583
-582
-581
-578
-576
-575
-573
-573
-573
-573
-572
-572
-567
-565
-564
-564
-564
-563
-561
-560
-559
-557
-556
-556
-553
-552
-552
-552
-552
-549
-547
-547
-547
-546
-546
-541
-540
-540
-539
-537
-537
-533
-532
-532
-531
-531
-528
-528
-526
-524
-523
-523
-523
-522
-522
-521
-520
-517
-516
-515
-512
-507
-507
-506
-506
-505
-504
-504
-503
-502
-501
-500
-498
-496
-496
-496
-496
-495
-494
-490
-489
-488
-486
-486
-486
-486
-483
-482
-481
-476
-475
-474
-473
-473
-473
-472
-472
-471
-469
-469
-465
-465
-465
-464
-462
-459
-459
-459
-458
-457
-456
-456
-455
-454
-453
-453
-452
-452
-451
-449
-449
-448
-448
-448
-447
-447
-447
-447
-446
-446
-445
-444
-444
-443
-441
-440
-440
-440
-438
-438
-438
-437
-437
-436
-436
-436
-436
-434
-432
-432
-431
-430
-430
-430
-428
-428
-426
-426
-425
-424
-420
-418
-418
-416
-415
-414
-411
-411
-410
-407
-406
-406
-404
-404
-403
-403
-403
-401
-401
-400
-399
-398
-397
-396
-396
-395
-395
-395
-394
-393
-393
-393
-392
-390
-390
-389
-389
-388
-386
-386
-386
-385
-385
-384
-384
-384
-382
-382
-381
-380
-379
-379
-378
-376
-373
-372
-372
-372
-371
-371
-371
-371
-371
-370
-370
-370
-370
-369
-368
-368
-368
-367
-366
-366
-366
-364
-363
-362
-361
-360
-360
-360
-359
-359
-358
-357
-356
-356
-356
-354
-354
-353
-352
-352
-352
-349
-348
-348
-348
-347
-347
-347
-347
-346
-344
-343
-341
-340
-339
-338
-338
-337
-335
-332
-332
-331
-331
-330
-329
-329
-327
-325
-324
-323
-323
-321
-319
-318
-316
-316
-315
-315
-314
-314
-313
-312
-311
-311
-310
-309
-309
-308
-307
-305
-303
-301
-301
-300
-299
-299
-296
-295
-293
-293
-292
-291
-291
-290
-289
-287
-285
-284
-283
-283
-282
-282
-281
-280
-280
-279
-277
-277
-276
-275
-274
-274
-273
-272
-270
-269
-268
-268
-266
-265
-265
-264
-263
-261
-261
-261
-259
-259
-258
-258
-258
-258
-258
-257
-256
-255
-254
-251
-250
-249
-248
-247
-246
-245
-244
-243
-243
-243
-241
-240
-239
-238
-236
-236
-233
-231
-227
-227
-227
-224
-224
-224
-220
-219
-217
-216
-216
-216
-215
-214
-212
-212
-208
-208
-207
-204
-202
-201
-201
-201
-200
-197
-195
-194
-193
-192
-192
-191
-191
-189
-188
-187
-186
-186
-186
-185
-184
-184
-183
-182
-180
-180
-179
-177
-177
-177
-176
-176
-176
-175
-174
-174
-174
-172
-172
-171
-170
-169
-169
-166
-164
-164
-164
-162
-161
-160
-159
-159
-158
-157
-156
-156
-155
-155
-153
-151
-151
-149
-149
-149
-148
-148
-147
-145
-144
-144
-142
-141
-141
-141
-140
-139
-138
-137
-137
-136
-134
-133
-128
-128
-127
-125
-125
-125
-124
-124
-124
-124
-123
-123
-122
-122
-121
-121
-120
-120
-120
-120
-118
-118
-115
-115
-115
-115
-114
-113
-113
-113
-112
-112
-112
-109
-108
-107
-107
-105
-102
-102
-102
-101
-100
-99
-98
-97
-96
-96
-96
-91
-90
-89
-87
-87
-87
-87
-86
-85
-85
-84
-83
-81
-77
-76
-75
-74
-73
-69
-69
-66
-65
-63
-63
-62
-61
-61
-60
-59
-58
-57
-56
-55
-55
-54
-54
-54
-53
-51
-50
-50
-49
-49
-49
-49
-49
-48
-46
-44
-43
-42
-40
-40
-39
-39
-37
-37
-37
-34
-34
-32
-30
-29
-29
-29
-28
-28
-27
-26
-24
-23
-22
-21
-21
-21
-21
-20
-18
-18
-18
-16
-16
-15
-10
-8
-8
-5
-1
0
4
5
6
6
6
7
10
10
11
12
13
14
15
16
16
20
20
22
24
28
28
28
29
31
32
32
35
36
36
37
38
38
40
41
42
42
44
45
48
50
50
50
51
57
57
58
61
62
65
65
66
69
70
70
70
71
72
73
74
76
77
77
78
79
79
80
80
81
81
82
82
83
85
87
87
87
88
88
88
89
89
89
89
90
90
92
93
93
94
95
95
96
96
96
98
98
101
101
104
104
107
107
107
109
110
110
111
111
112
112
113
116
116
117
117
119
119
119
120
120
121
122
124
126
127
127
127
128
130
131
133
133
134
135
135
136
136
138
138
139
139
140
140
142
143
143
145
147
147
147
149
150
150
150
152
152
157
159
161
162
163
164
168
170
175
176
176
178
178
183
184
187
188
188
189
189
191
191
193
193
193
194
195
195
196
197
201
202
202
203
204
207
207
207
209
209
209
211
211
211
211
212
216
217
218
218
219
219
222
222
223
224
224
229
230
231
237
237
238
238
239
240
242
242
243
243
243
243
244
245
246
246
247
249
249
249
250
250
251
251
252
252
252
254
255
255
256
256
257
257
258
259
260
260
261
261
262
266
267
268
269
270
270
270
271
271
271
273
274
274
275
276
277
279
280
281
281
281
281
282
283
284
285
285
285
286
287
288
289
289
289
290
290
291
291
292
293
294
294
295
295
297
298
300
301
309
310
311
311
311
311
313
314
314
316
316
318
319
321
324
324
325
325
325
325
326
327
331
332
332
333
334
337
339
339
340
342
343
344
344
345
346
346
346
346
347
347
348
348
349
349
353
354
354
354
354
356
360
360
360
363
366
367
369
369
369
369
371
372
374
374
375
375
378
378
378
380
380
383
385
385
389
390
391
392
392
392
394
394
394
395
396
397
398
399
401
402
403
405
405
405
406
406
407
407
409
410
411
413
413
414
416
417
417
417
417
418
419
422
423
423
424
425
425
428
428
429
430
430
430
431
431
432
432
432
433
434
434
436
436
437
438
439
440
441
441
442
444
444
444
446
446
447
449
449
450
454
455
455
456
457
457
458
460
461
463
464
465
465
466
468
469
469
477
478
478
478
479
479
480
480
480
481
481
481
483
484
485
485
485
486
488
488
489
494
495
496
497
497
498
498
500
500
501
501
502
503
504
506
506
508
511
511
511
512
512
512
513
513
513
514
514
514
514
518
524
524
524
526
528
528
528
529
530
530
531
532
534
535
536
537
537
537
538
540
541
542
546
547
548
550
550
553
554
555
555
555
558
559
560
560
561
561
562
565
567
568
569
569
570
575
577
577
581
582
584
584
585
585
585
586
586
587
589
589
590
590
592
592
592
592
592
594
594
598
599
599
600
600
601
602
603
606
606
607
608
608
608
609
609
610
611
611
611
612
613
615
615
617
618
618
621
621
623
623
623
624
625
626
627
630
630
630
632
632
634
635
636
639
639
639
640
640
642
644
647
648
648
651
654
654
654
655
655
656
656
659
660
660
663
664
666
668
669
669
670
670
672
672
672
674
674
675
676
677
677
678
679
680
681
682
683
688
688
689
689
689
689
689
689
690
690
691
691
691
694
695
696
696
697
697
697
698
699
699
700
706
707
707
708
709
710
712
715
718
718
719
719
721
722
723
725
726
730
730
731
733
733
734
735
736
742
742
743
746
752
752
753
755
757
758
758
760
762
763
763
764
765
765
767
772
772
774
774
776
776
777
777
777
778
778
779
779
779
780
784
784
785
785
785
787
787
787
789
790
790
792
793
793
793
796
797
798
800
800
801
802
803
805
805
806
806
808
810
811
813
815
815
815
816
816
817
817
818
819
819
819
819
819
820
820
821
822
823
824
824
825
825
826
829
830
831
832
832
832
833
834
836
836
837
838
839
840
844
844
848
849
850
855
855
860
861
862
863
864
865
866
867
868
868
871
872
874
876
877
878
879
880
883
883
884
884
886
890
890
890
890
892
896
898
901
901
902
906
906
907
908
911
912
914
916
916
916
918
919
920
922
923
923
926
926
927
928
928
930
935
936
936
936
936
937
937
937
938
938
938
940
940
944
946
946
946
948
949
949
951
951
951
953
954
956
958
960
961
964
966
966
966
967
971
972
973
975
975
976
981
981
982
983
984
984
985
988
991
992
993
994
995
995
996
997
997
998
998
1000
1001
1001
1001
1001
